0.013
0.02875
0.05525
0.0905
0.1355
0.196
0.253
0.32575
0.40625
0.571
0.59725
0.71075
0.831
0.955
1.6525
1.36875
1.637
1.501
1.807
2.0725
2.053
2.3595
2.663
2.87875
3.19975
3.32825
3.57275
3.9565
4.2665
4.39175
4.673
5.317
5.7025
6.248
6.22175
7.50575
7.14525
7.4585
7.48425
8.47575
8.2655
9.44875
8.5435
10.07675
9.934
10.98175
12.88925
11.8695
12.80175
13.03275
13.0585
13.9745
13.44
14.06675
14.55575
15.46125
15.796
16.913
18.93825
18.3965
19.01675
19.60975
19.629
20.19875
20.749
21.141
21.50125
22.29825
22.99675
24.25875
24.49975
25.203
26.03125
27.771
28.63975
29.99825
30.3025
31.21625
31.8525
31.486
32.4205
33.39175
34.065
35.5105
37.1455
38.49325
39.29125
43.4645
40.789
44.30925
44.28075
43.389
44.46
44.58425
44.89825
44.75575
46.95425
50.5385
51.0565
50.18925
49.803
51.5235
54.5935
54.87325
54.205
57.38925
62.388
59.41225
62.984
80.19375
63.948
67.05325
65.27375
66.868
69.62825
67.97475
67.814
73.32475
73.743
71.44725
89.075
74.41175
76.65875
81.518
90.85475
94.95725
93.3365
100.019
137.876
97.6365
85.12075
87.8395
90.17375
91.3095
91.7175
90.22475
94.16325
94.78225
99.1285
104.0295
98.08325
100.7205
103.43375
100.10125
104.9805
105.118
129.518
119.90725
108.45225
114.68175
112.33825
117.29875
115.09925
120.16
138.76375
130.638
122.822
125.8265
124.38625
129.62875
127.85325
129.29925
130.868
137.5
145.12075
141.2125
144.60425
148.2115
171.295
156.1515
146.8975
165.98
148.68
151.20225
154.131
189.66375
246.2705
198.336
167.50025
168.603
163.42725
165.43275
171.5725
168.71725
166.396
171.49175
173.68475
177.24725
180.593
178.2135
180.4385
183.303
183.5405
196.50575
193.39975
195.69
186.10675
193.32775
195.07625
201.4085
231.6985
209.38025
222.90625
221.764
204.28375
205.3475
208.46725
215.1295
213.17625
246.214
262.895
223.5475
217.75075
225.99925
232.76375
233.65625
237.32475
284.4205
323.16525
250.532
256.4735
248.884
257.37575
329.76075
264.8005
264.24225
257.91275
261.938
258.89375
266.94175
264.63125
264.93875
263.10475
265.24225
281.2845
274.47375
292.90725
293.055
288.87725
293.91775
280.70875
302.98075
291.83625
294.862
311.16475
303.857
305.56375
329.5575
311.8245
308.1965
304.99
315.7345
331.22175
327.0655
316.6655
320.99075
328.44825
326.636
358.6735
344.44225
354.58375
344.993
364.094
362.604
355.60825
366.715
365.7925
367.01825
360.293
383.975
370.73475
370.75225
369.18925
379.975
383.985
387.8435
381.65
385.327
382.779
379.10425
393.606
384.011
390.60125
398.10825
392.4685
396.18475
414.6275
404.55825
416.037
414.0865
415.76375
440.53675
421.60625
447.58825
441.65725
431.999
464.6295
454.47625
479.69075
447.54875
431.69225
443.56525
442.87975
512.35175
471.96475
451.42525
451.64875
462.4105
474.387
461.6625
473.997
476.6395
475.1905
487.5755
487.6405
496.437
516.62375
513.634
573.03025
501.69575
515.86675
498.01125
516.56675
527.94975
527.749
512.1825
517.47
528.7025
526.90925
520.77525
520.98425
528.5885
562.44275
542.33625
530.5155
540.21125
564.7265
552.912
552.1985
557.99925
557.3145
560.47475
565.3555
570.74475
570.1555
570.062
608.7515
578.15975
590.25175
592.23425
600.1785
595.8185
599.6135
597.67375
603.9175
628.3455
617.4125
612.3005
615.3475
628.13525
637.6215
648.17425
642.82775
625.34775
635.27325
649.90875
630.1985
645.7735
649.04775
664.22075
679.771
655.001
651.869
655.8815
666.60275
660.40525
690.40925
685.625
703.4205
714.84525
684.33325
691.537
700.93225
718.00225
741.94
718.452
726.117
755.2875
749.546
726.529
750.279
758.76475
753.45075
761.43825
764.68525
786.99175
780.126
758.648
765.42075
789.80725
827.8495
917.1525
892.44875
941.28475
875.48025
801.99375
858.78175
937.94
856.71425
918.579
818.57975
843.29425
818.21925
902.846
822.9715
848.293
819.815
826.1625
831.0425
852.7905
993.74725
834.38725
871.003
862.146
851.69475
979.70775
936.356
878.12625
890.2235
887.25425
898.7495
899.27975
949.27125
906.21125
916.04475
913.83275
908.664
930.761
932.1765
936.445
950.3165
974.684
946.9905
946.44625
953.6615
1001.94575
970.4065
1039.8755
1035.97825
1057.91475
1075.02725
1062.25375
1048.13925
1046.2585
1078.76125
1096.53825
1053.24975
1077.863
1038.176
1165.04275
1175.4425
1303.57625
1623.38
1350.5445
1150.1295
1356.3175
1124.62275
1150.16
1138.82
1118.8725
1150.7775
1095.4555
1198.68
1122.445
1133.3025
1128.51175
1138.9025
1153.06875
1146.6025
1205.7825
1507.47
1438
1240.38
1273.4175
1337.775
1273.0925
1318.2025
1260.4675
1241.205
1230.32
1222.995
1240.0925
1280.96
1270.0325
1237.655
1217.86
1260.5
1317.0625
1287.535
1321.59
